STUDENTE	0000987654	Giuseppe	Rossi
PIANO DI STUDI 
27991, 28004, 29228, 27993, 27996, 28006, 28011, 26338
28012, 28000, 28032, 28027, 28030, 28029, 28014, 28020
28024, 28016, 28015, 28021, 17268 
28072, 28659
FINE STUDENTE
STUDENTE	0000907652	Paolo	Verdi
PIANO DI STUDI
27991, 28004, 29228, 27993, 27996, 28006, 28011, 26338
28012, 28000, 28032, 28027, 28030, 28029, 28014, 28020
28024, 28016, 28015, 28021, 17268
28072, 32099, 38378
FINE STUDENTE
STUDENTE	0000963412	Marianna	Gialli
PIANO DI STUDI 
27991, 28004, 29228, 27993, 27996, 28006, 28011, 26338
28012, 28000, 28032, 28027, 28030, 28029, 28014, 28020
28024, 28016, 28015, 28021, 17268
28074, 28659
FINE STUDENTE
STUDENTE	0000987654	Macchia	Nera
PIANO DI STUDI
27991, 28004, 29228, 27993, 27996, 28006, 28011, 26338
28012, 28000, 28032, 28027, 28030, 28029, 28014, 28020
28024, 28016, 28015, 28021, 17268 
, 28659
FINE STUDENTE